<?xml version="1.0"?>
<opencv_storage>
<train type_id="opencv-matrix">
  <rows>10</rows>
  <cols>2</cols>
  <dt>d</dt>
  <data>
    5.3028279332670314e-001 1.9925920037305117e-001
    4.0105944305613722e-001 8.1438507835235741e-001
    4.3713297911567256e-001 2.4878970880730866e-001
    7.7310505665981077e-001 7.6209372870270964e-001
    3.0779448064373732e-001 7.0243169967628372e-001
    4.7844720613125280e-001 7.9219001041464909e-001
    8.5843112152847859e-002 7.5060243384936373e-002
    1.6342339281869259e-001 2.9977922692041215e-001
    9.0565391973954612e-001 7.0968583444910338e-001
    1.4971249485466073e-001 7.6543992656051107e-001</data></train>
<w1_0 type_id="opencv-matrix">
  <rows>5</rows>
  <cols>10</cols>
  <dt>d</dt>
  <data>
    4.9712565308784040e-003 -1.7939456482434651e-002
    6.3596861498540110e-003 1.5275734376708171e-003
    -6.1548951604626662e-003 1.0588495794411588e-002
    -1.8933442218682615e-003 -7.5913455739248532e-003
    3.7782481155908022e-003 -1.9019293544061122e-002
    1.6479790394711636e-002 -2.2041639089572830e-003
    1.8315662586514906e-002 1.1212005139192897e-002
    1.8076058415467233e-002 6.3766026045129279e-003
    1.7018275802768306e-002 1.3981177202432572e-002
    1.1114587412679757e-002 1.7430346461829008e-002
    1.2155903694942408e-002 -1.4564162584325770e-002
    -1.0089859461168584e-002 1.4979055943346111e-002
    1.4056077302761760e-003 -7.3602453789685870e-003
    -1.4138027023589052e-002 -7.7248384867012274e-003
    -5.1876083434015154e-003 -7.1294960866364245e-003
    -1.0285225097291760e-002 1.0127906396151961e-002
    1.8817847638251586e-002 -1.5929324728898190e-002
    -1.9054702401981219e-002 -8.8444119551996554e-003
    1.6567569014413034e-002 1.3328307683567863e-002
    -4.2284179167050885e-003 -2.5819805733233933e-003
    -6.2224941184943587e-003 -1.1009794556925490e-002
    -5.6325498350091856e-003 -1.8197222889094523e-002
    6.9420996178263771e-003 1.0713955132548296e-002
    8.9733466508520911e-003 -1.4937129701859432e-002
    1.8760594018898926e-002 -4.3646566938868731e-004</data></w1_0>
<w2_0 type_id="opencv-matrix">
  <rows>10</rows>
  <cols>5</cols>
  <dt>d</dt>
  <data>
    -1.2337020234555397e-002 -1.4551718942443701e-002
    -1.0105432560527294e-002 1.5763448337232054e-003
    2.8936284495926813e-003 -1.0794724905009755e-002
    1.2877652496820723e-002 -1.6029483772455375e-002
    -1.6691996401871325e-002 -3.8905709614222156e-003
    -1.2064405195243500e-002 -1.5108973726909281e-002
    7.2154342408069366e-003 1.9236799149287585e-002
    3.5094820735522246e-003 -9.5963607505852051e-003
    -8.3304559087369438e-003 2.7056203175142290e-004
    1.0151740205257696e-002 -1.5442371927725858e-002
    -1.5683146260291301e-002 -7.9820945319107710e-003
    2.5898251392531095e-003 -2.7741916559095720e-003
    -1.7866042724934694e-002 2.9344587269396899e-003
    -5.8153001022628933e-003 -7.5887999652602366e-003
    1.7722036711171282e-002 -1.8957608062869637e-002
    -1.0928157382737240e-002 1.2651501034742069e-002
    -3.7974407101015704e-003 1.3326853223865450e-002
    -2.9201008923895981e-003 -1.6197580939072084e-002
    -2.1903094786499509e-003 -1.0148318539226892e-002
    3.1352388158001447e-003 -1.2473895889864028e-002
    -7.5030841945287717e-003 1.4276769822477459e-002
    1.0375482390446368e-002 -1.7881695013210464e-002
    -1.4521197546577085e-002 -1.7842819539754654e-002
    -1.3236711166106323e-002 9.3184084875032533e-003
    1.7361001187427807e-002 1.1543637253187782e-002</data></w2_0>
<b1_0 type_id="opencv-matrix">
  <rows>5</rows>
  <cols>1</cols>
  <dt>d</dt>
  <data>
    1.9650473599975887e-002 -6.8926255414418595e-003
    -3.4103686184963448e-003 1.8191282090040704e-002
    -2.4321896478108201e-003</data></b1_0>
<b2_0 type_id="opencv-matrix">
  <rows>10</rows>
  <cols>1</cols>
  <dt>d</dt>
  <data>
    -9.1560809069363772e-003 -1.4811225870764187e-002
    -1.9317632166280258e-002 1.3811031842042739e-002
    8.3749263014191340e-003 -6.5890147016688921e-003
    1.5005428728903109e-002 -1.1436990019896703e-003
    -1.0639727236623767e-002 -1.6932178440833126e-002</data></b2_0>
<w1_grad_0 type_id="opencv-matrix">
  <rows>5</rows>
  <cols>10</cols>
  <dt>d</dt>
  <data>
    0. 0. 0. 0. 0. 0. 0. 0. 0. 0. 0. 0. 0. 0. 0. 0. 0. 0. 0. 0. 0. 0. 0.
    0. 0. 0. 0. 0. 0. 0. 0. 0. 0. 0. 0. 0. 0. 0. 0. 0. 0. 0. 0. 0. 0. 0.
    0. 0. 0. 0.</data></w1_grad_0>
<w2_grad_0 type_id="opencv-matrix">
  <rows>10</rows>
  <cols>5</cols>
  <dt>d</dt>
  <data>
    0. 0. 0. 0. 0. 0. 0. 0. 0. 0. 0. 0. 0. 0. 0. 0. 0. 0. 0. 0. 0. 0. 0.
    0. 0. 0. 0. 0. 0. 0. 0. 0. 0. 0. 0. 0. 0. 0. 0. 0. 0. 0. 0. 0. 0. 0.
    0. 0. 0. 0.</data></w2_grad_0>
<b1_grad_0 type_id="opencv-matrix">
  <rows>5</rows>
  <cols>1</cols>
  <dt>d</dt>
  <data>
    0. 0. 0. 0. 0.</data></b1_grad_0>
<b2_grad_0 type_id="opencv-matrix">
  <rows>10</rows>
  <cols>1</cols>
  <dt>d</dt>
  <data>
    0. 0. 0. 0. 0. 0. 0. 0. 0. 0.</data></b2_grad_0>
<activation_l0 type_id="opencv-matrix">
  <rows>5</rows>
  <cols>2</cols>
  <dt>d</dt>
  <data>
    1.3252832513056459e-001 9.7924375163229854e-002
    1.3128958870783669e-001 9.9207269358676423e-002
    1.3177665074703895e-001 9.8386732732282434e-002
    1.3133868659082043e-001 9.8637059806514590e-002
    1.3113007610461466e-001 9.8847669950604233e-002</data></activation_l0>
<w1_1 type_id="opencv-matrix">
  <rows>5</rows>
  <cols>5</cols>
  <dt>d</dt>
  <data>
    6.0374965368430247e-003 -1.7399507576135922e-002
    2.6241306356380618e-003 -9.5629099630864141e-003
    -6.2087182291955499e-003 -1.0626102602476362e-002
    9.8195002747485279e-003 -7.2386995449547683e-003
    1.5553646976196638e-002 -1.7546647402798286e-002
    6.8513385063781393e-003 -1.1638785446189640e-002
    -1.1906345719168524e-002 1.2079227075548749e-002
    1.9678681125467692e-002 -1.3640044129466455e-002
    1.7324634671530326e-002 -1.5367264730085744e-002
    1.1257014673672520e-002 1.9347736811232263e-002
    1.1969347357993636e-002 1.9296763884289980e-002
    1.2535898137277821e-002 -2.3457694701823559e-003
    2.6855786876493724e-003</data></w1_1>
<w2_1 type_id="opencv-matrix">
  <rows>5</rows>
  <cols>5</cols>
  <dt>d</dt>
  <data>
    -1.9543783119574786e-002 -6.9862975113918081e-003
    8.2105778497382625e-003 -1.0516691612990639e-002
    -4.6521765737733804e-003 -1.2281303338463924e-003
    9.6466091843799978e-003 -1.2948171785388374e-002
    1.3612502188741740e-002 -5.0952571816743238e-003
    -1.0535296849475208e-002 -8.5364638527948514e-003
    1.2275061795428147e-002 1.2630194933863047e-003
    -1.0394972952917926e-002 -9.3502062587117758e-003
    1.9943953681241713e-002 2.9741770560798991e-005
    -1.2741684990746686e-002 6.3696015355067699e-003
    -4.3044875071074871e-003 -1.7371298992769832e-004
    1.1144611516055624e-002 -7.4204767873570707e-003
    -3.8263748790859538e-003</data></w2_1>
<b1_1 type_id="opencv-matrix">
  <rows>5</rows>
  <cols>1</cols>
  <dt>d</dt>
  <data>
    -1.6882192604331325e-002 -1.7301989726206217e-003
    -1.3929444636228822e-002 1.2688053557008531e-002
    1.6296498359813210e-002</data></b1_1>
<b2_1 type_id="opencv-matrix">
  <rows>5</rows>
  <cols>1</cols>
  <dt>d</dt>
  <data>
    1.9454232355274083e-003 -1.6727649570166328e-002
    2.8312950834464036e-003 1.2770957862338710e-002
    -3.6720895748325912e-003</data></b2_1>
<w1_grad_1 type_id="opencv-matrix">
  <rows>5</rows>
  <cols>5</cols>
  <dt>d</dt>
  <data>
    0. 0. 0. 0. 0. 0. 0. 0. 0. 0. 0. 0. 0. 0. 0. 0. 0. 0. 0. 0. 0. 0. 0.
    0. 0.</data></w1_grad_1>
<w2_grad_1 type_id="opencv-matrix">
  <rows>5</rows>
  <cols>5</cols>
  <dt>d</dt>
  <data>
    0. 0. 0. 0. 0. 0. 0. 0. 0. 0. 0. 0. 0. 0. 0. 0. 0. 0. 0. 0. 0. 0. 0.
    0. 0.</data></w2_grad_1>
<b1_grad_1 type_id="opencv-matrix">
  <rows>5</rows>
  <cols>1</cols>
  <dt>d</dt>
  <data>
    0. 0. 0. 0. 0.</data></b1_grad_1>
<b2_grad_1 type_id="opencv-matrix">
  <rows>5</rows>
  <cols>1</cols>
  <dt>d</dt>
  <data>
    0. 0. 0. 0. 0.</data></b2_grad_1>
